003124286-01 0.051 FP 1 0 0 0                          MOD_NONUNIQ_ALT---MOD_POS_ALT 003124286-01  3124286    FP 0.051 1 0 0   0.00000000 210.54724456 256.18042481 null  8.5708   5.0 1001.2000  2.8009  2.757    0.851 5713.000 4.55400 0.680060   0.029691 514.6000 0.5072  6.900  1.495 1
004643830-01 0.088 FP 1 0 0 0                        MOD_NONUNIQ_ALT---CENT_FEW_MEAS 004643830-01  4643830    FP 0.088 1 0 0   0.00000000 138.20093611 194.60864953 null  7.2411  10.0  769.9000  1.9356  2.211    0.783 5255.000 4.52700 0.475930   0.025878 488.1200 0.5016  7.100  1.849 1
004771178-01 0.079 FP 1 0 0 0                  INDIV_TRANS_MARSHALL---CENT_FEW_DIFFS 004771178-01  4771178    FP 0.079 1 0 0   0.00000000 317.95642119 202.50644881 null  7.2945   4.0  570.0000  6.7565  2.075    0.854 5561.000 4.56100 0.902120   0.022271 320.0600 0.5025  7.000  0.768 1
004949239-01 0.058 FP 1 0 0 0                                     INCONSISTENT_TRANS 004949239-01  4949239    FP 0.058 1 0 0   0.00000000 651.90564207 199.35407534 null  8.0172   3.0  743.8000 16.9280  2.682    0.972 6046.000 4.48600 1.498310   0.025285 281.1700 0.3712  7.200  0.504 1
005026303-01 0.086 FP 1 0 0 0         INDIV_TRANS_RUBBLE_SKYE_ZUMA---MOD_NONUNIQ_ALT 005026303-01  5026303    FP 0.086 1 0 0   0.00000000  34.37896530 154.58657134 null  7.2627  32.0  426.6000  1.7424  2.343    0.926 5306.000 4.49400 0.205260   0.023183  72.1800 0.9042  7.000 14.454 1
005304859-01 0.074 FP 0 0 1 0                                 CENT_UNRESOLVED_OFFSET 005304859-01  5304859    FP 0.074 0 0 1   0.00000000 399.91232794 293.74253818 null 10.3591   3.0  698.2000  9.0698  2.312    0.877 5477.000 4.51000 1.028820   0.024162 322.4300 0.3642 12.700  0.586 1
005937733-01 0.082 FP 1 0 0 0                   INDIV_TRANS_RUBBLE---MOD_NONUNIQ_ALT 005937733-01  5937733    FP 0.082 1 0 0   0.00000000 118.86230982 183.32286135 null  7.1439   7.0  270.1000  2.2273  1.884    1.143 5749.000 4.27800 0.457530   0.015101 397.8100 0.2798  7.100  6.108 1
005950539-01 0.057 FP 1 0 0 0                                     INCONSISTENT_TRANS 005950539-01  5950539    FP 0.057 1 0 0   0.00000000 342.47100987 279.31132582 null  8.8120   3.0  386.3000 15.3594  1.973    0.996 6122.000 4.47100 0.980140   0.018156 165.3700 0.3069  7.900  1.300 1
007458527-01 0.098 FP 1 0 0 0                      ALL_TRANS_CHASES---CENT_FEW_DIFFS 007458527-01  7458527    FP 0.098 1 0 0   0.00000000 212.16478939 245.23444847 null  7.5932   4.0  326.6000  3.7725  0.975    0.515 4496.000 4.72900 0.559350   0.017346 339.7800 0.6400  6.700  0.310 1
007460709-01 0.075 FP 1 0 0 0                            MOD_TER_DV---CENT_SATURATED 007460709-01  7460709    FP 0.075 1 0 0   0.00000000 616.52357451 274.86880041 null  7.1852   3.0   76.1000 16.6801  1.320    1.472 6014.000 4.08500 1.399520   0.008217 247.3200 0.4996  7.100  1.297 1
007584332-01 0.071 FP 1 0 0 0                                       INDIV_TRANS_SKYE 007584332-01  7584332    FP 0.071 1 0 0   0.00000000  88.04231074 170.41348817 null  7.3062  16.0  273.0000  4.4495  0.834    0.510 3799.000 4.73800 0.311320   0.014982 153.0100 0.0746  7.500  0.501 1
007690646-01 0.068 PC 0 0 0 0                                           007690646-01      7690646       PC 0.068 0.000 0 0 0 451.57052133 314.65257257         null null  3.0000 147.6    4.8696  1.2420  1.026 5696.000    4.388 1.12798 0.011095 688.670000   0.2783 7.2000  0.780  1.000  
008107819-01 0.051 FP 1 0 0 0                            MOD_POS_DV---CENT_FEW_DIFFS 008107819-01  8107819    FP 0.051 1 0 0   0.00000000 451.79618781 296.70820743 null  9.1150   3.0  528.7000 10.2343  2.565    1.044 5938.000 4.38800 1.141460   0.022512 251.1600 0.7006  8.900  0.932 1
008161349-01 0.096 FP 1 0 0 0    ALL_TRANS_CHASES---MOD_NONUNIQ_ALT---CENT_FEW_DIFFS 008161349-01  8161349    FP 0.096 1 0 0   0.00000000 381.92043065 255.13523552 null  8.5951   3.0  830.3000 26.8095  2.660    0.915 5663.000 4.53000 1.041280   0.026645 100.7900 0.4405  8.700  0.712 1
008213227-01 0.074 FP 1 0 0 0 ALL_TRANS_CHASES---INCONSISTENT_TRANS---CENT_FEW_DIFFS 008213227-01  8213227    FP 0.074 1 0 0   0.00000000 356.97664168 342.36229503 null  7.5974   3.0  185.3000 13.5256  1.664    1.144 6340.000 4.32500 0.987960   0.013328 148.6300 0.6953  7.200  1.941 1
008289501-01 0.095 FP 1 0 0 0                     ALL_TRANS_CHASES---MOD_NONUNIQ_ALT 008289501-01  8289501    FP 0.095 1 0 0   0.00000000 220.42909563 201.09016013 null  7.2816   5.0  391.5000  2.6235  1.558    0.808 5132.000 4.50400 0.651860   0.017673 650.4700 0.0932  7.700  0.955 1
008307440-01 0.066 FP 1 0 0 0                                       ALL_TRANS_CHASES 008307440-01  8307440    FP 0.066 1 0 0   0.00000000 278.45229827 239.48529351 null  9.4882   4.0  318.0000 14.9520  1.910    1.043 6423.000 4.43400 0.855850   0.016778 129.5700 0.4522  9.600  2.265 1
008308722-01 0.083 FP 1 0 0 0                            MOD_POS_DV---CENT_FEW_DIFFS 008308722-01  8308722    FP 0.083 1 0 0   0.00000000 524.59551163 403.61395063 null  7.3199   3.0  548.9000 17.8217  2.900    1.038 5262.000 4.36100 1.230460   0.025605 116.8900 0.8842  7.500  0.489 1
008827390-01 0.082 PC 0 0 0 0                                         CENT_FEW_DIFFS 008827390-01  8827390    PC 0.082 0 0 0   0.00000000 115.63961652 185.12184708 null  7.6431  12.0  450.9000  6.4796  1.891    0.882 6190.000 4.51900 0.454710   0.019652 134.4300 0.2598  8.100  4.949 1
009480140-01 0.068 FP 1 0 0 0                       MOD_NONUNIQ_ALT---CENT_FEW_DIFFS 009480140-01  9480140    FP 0.068 1 0 0   0.00000000 375.97512269 137.06967660 null  7.4565   3.0 1536.0000  3.4066  2.702    0.639 4648.000 4.62200 0.871240   0.038745 627.4900 0.7246  7.200  0.225 1
009583738-01 0.090 FP 1 0 0 0                       MOD_NONUNIQ_ALT---CENT_FEW_DIFFS 009583738-01  9583738    FP 0.090 1 0 0   0.00000000 360.31767556 314.73338091 null  7.3019   4.0  880.8000  3.2930  2.683    0.918 5676.000 4.52900 1.003960   0.026784 857.8100 0.0343  7.300  0.778 1
009635815-01 0.057 FP 1 0 0 0                     INDIV_TRANS_SKYE---MOD_NONUNIQ_ALT 009635815-01  9635815    FP 0.057 1 0 0   0.00000000  74.91212172 153.59265667 null  7.1600   4.0  502.1000  2.6389  3.160    1.364 6564.000 4.26100 0.373490   0.021227 193.1600 0.4996  7.400 22.184 1
009947980-01 0.082 FP 1 0 0 0                          MOD_NONUNIQ_ALT---MOD_POS_ALT 009947980-01  9947980    FP 0.082 1 0 0   0.00000000 640.88331013 250.85420079 null  7.2192   3.0  375.6000  7.1664  2.030    1.005 6198.000 4.46400 1.489380   0.018511 570.8300 0.5825  6.800  0.602 1
010264871-01 0.070 FP 1 0 0 0                                   INDIV_TRANS_MARSHALL 010264871-01 10264871    FP 0.070 1 0 0   0.00000000 293.26176241 378.76750994 null  7.4193   5.0  199.9000  8.4515  1.393    0.956 6029.000 4.49400 0.875330   0.013351 229.5600 0.5262  7.200  1.412 1
010647393-01 0.074 FP 1 0 0 0                          MOD_NONUNIQ_ALT---MOD_POS_ALT 010647393-01 10647393    FP 0.074 1 0 0   0.00000000 405.51924340 522.13281830 null  8.3352   3.0  444.5000 26.4877 11.658    5.114 4998.000 3.24500 1.273360   0.020891  82.8800 0.7343  9.800  9.018 1
011337883-01 0.094 FP 1 0 0 0                                     INDIV_TRANS_RUBBLE 011337883-01 11337883    FP 0.094 1 0 0   0.00000000 231.85115116 296.68910668 null  7.1306   5.0  480.2000  5.1789 18.345    6.889 5098.000 3.08100 0.943930   0.024403 165.6700 0.9026  7.400 32.234 1
011401313-01 0.086 FP 1 0 0 0                                        MOD_NONUNIQ_ALT 011401313-01 11401313    FP 0.086 1 0 0   0.00000000 495.58604399 177.58850514 null  7.1001   3.0  322.7000  5.2282  2.088    1.045 6190.000 4.42900 1.253680   0.018308 445.1900 0.8118  7.300  0.914 1
011512103-01 0.089 FP 0 0 1 0                                   CENT_RESOLVED_OFFSET 011512103-01 11512103    FP 0.089 0 0 1   0.00000000  19.62707367 137.70212075 null 20.0865  57.0 1080.6000  4.6047  2.935    0.906 5674.000 4.52500 0.142570   0.029689  33.5100 0.0421 21.300 37.503 1
011719994-01 0.055 FP 1 0 0 0                                LPP_DV---MOD_NONUNIQ_DV 011719994-01 11719994    FP 0.055 1 0 0   0.00000000  57.73418366 180.71334881 null 12.1617  24.0  394.0000  8.1759  2.433    1.215 6520.000 4.37500 0.317230   0.018351  53.4800 0.2330 12.700 23.751 1
012167502-01 0.084 FP 1 0 1 0               MOD_NONUNIQ_ALT---CENT_UNRESOLVED_OFFSET 012167502-01 12167502    FP 0.084 1 0 1   0.00000000 193.99982638 273.65728300 null  7.7386   7.0  178.9000 15.2782  2.384    1.750 7232.000 4.12800 0.750930   0.012483  94.9400 0.2595  7.900 13.311 1
