002167920-01 0.066 FP 1 0 0 0                      MOD_NONUNIQ_ALT---CENT_FEW_DIFFS 002167920-01  2167920 FP 0.066 1 0 0 0  36.35654481 155.30359086 null  7.4714   9  471.5  1.6343 2.107 0.906 5343 4.432 0.20022 0.021310 126.32 0.7004  6.9   14.951 1
003247697-01 0.066 FP 0 0 1 0                                CENT_UNRESOLVED_OFFSET 003247697-01  3247697 FP 0.066 0 0 1 0 270.23674798 300.28060011 null  9.2262   4  455.6  9.1621 1.746 0.788 5506 4.584 0.78081 0.020301 186.14 0.5989  9.9    0.839 1
003344803-01 0.090 FP 0 0 1 0                                CENT_UNRESOLVED_OFFSET 003344803-01  3344803 FP 0.090 0 0 1 0 325.07516836 244.10466581 null  9.6028   5  253.2  8.7220 1.105 0.624 5237 4.638 0.78791 0.016228 175.32 0.8084  9.9    0.423 1
005303551-01 0.073 FP 1 0 0 0                                                LPP_DV 005303551-01  5303551 FP 0.073 1 0 0 0   2.39935808 132.61203451 null 17.3187 539  155.4  2.8195 1.271 1.001 5654 4.395 0.03397 0.011633   5.82 0.4821 18.1  795.229 1
005442580-01 0.095 FP 1 0 0 0                                       MOD_NONUNIQ_ALT 005442580-01  5442580 FP 0.095 1 0 0 0 220.66027503 328.32372424 null  9.1010   6  432.6 11.1984 2.254 1.017 5443 4.358 0.67982 0.020311 112.10 0.6975  8.5    1.760 1
006633664-01 0.080 FP 1 0 0 0 MOD_NONUNIQ_ALT---INCONSISTENT_TRANS---CENT_FEW_DIFFS 006633664-01  6633664 FP 0.080 1 0 0 0 206.16783594 136.15748145 null  7.4369   4  645.8  6.0307 2.102 0.817 5557 4.491 0.62181 0.023580 243.01 0.4265  7.3    1.475 1
006878176-01 0.084 FP 0 0 1 0                                  CENT_RESOLVED_OFFSET 006878176-01  6878176 FP 0.084 0 0 1 0   2.17919356 133.14725174 null  8.1113 600   31.4  2.2785 0.671 1.120 6192 4.339 0.03289 0.005488   5.37 0.6945  8.7 1527.458 1
006953275-02 0.070 FP 1 0 0 0                                       MOD_NONUNIQ_ALT 006953275-02  6953275 FP 0.070 1 0 0 0 313.34468712 427.85910735 null  7.2312   4  130.4  2.6091 1.773 1.452 6425 4.195 0.96093 0.011190 675.67 0.6929  7.7    3.486 1
007368664-01 0.051 FP 1 0 0 0                                       MOD_NONUNIQ_ALT 007368664-01  7368664 FP 0.051 1 0 0 0  12.87168284 140.21879524 null 78.8649  98   72.7  2.4689 1.266 1.424 5963 4.218 0.11494 0.008145  32.21 0.6023  4.3  173.874 1
007522500-01 0.093 FP 1 0 0 0                                       MOD_NONUNIQ_ALT 007522500-01  7522500 FP 0.093 1 0 0 0 502.01505617 245.10067486 null  7.3196   3  472.4  3.7102 2.279 1.024 5887 4.415 1.23417 0.020394 921.67 0.4962  7.3    0.741 1
007703955-03 0.082 FP 1 0 0 0                                  INDIV_TRANS_MARSHALL 007703955-03  7703955 FP 0.082 1 0 0 0 201.33022665 244.47151797 null  7.9280   5  335.9 12.8799 1.881 1.005 5792 4.375 0.64281 0.017154 107.04 0.4807  6.6    2.465 1
008142723-01 0.051 FP 1 0 0 0                   INCONSISTENT_TRANS---CENT_FEW_DIFFS 008142723-01  8142723 FP 0.051 1 0 0 0 455.04027975 517.69974637 null  7.4759   3 1881.7  3.1232 4.663 1.015 6148 4.461 1.19044 0.042099 898.81 0.6587  8.1    0.931 1
008218379-02 0.085 FP 1 0 0 0                                    INDIV_TRANS_CHASES 008218379-02  8218379 FP 0.085 1 0 0 0 253.68664476 192.94695956 null  7.4386   5  585.4  3.9097 1.876 0.779 5483 4.589 0.74574 0.022072 484.39 0.2996  8.5    0.884 1
008827390-01 0.082 PC 0 0 0 0                                        CENT_FEW_DIFFS 008827390-01  8827390 PC 0.082 0 0 0 0 115.63961652 185.12184708 null  7.6431  12  450.9  6.4796 1.891 0.882 6190 4.519 0.45471 0.019652 134.43 0.2598  8.1    4.949 1
009075882-01 0.080 FP 1 0 0 0                                      ALL_TRANS_CHASES 009075882-01  9075882 FP 0.080 1 0 0 0 387.85405578 232.94122514 null  7.5494   3  887.0 20.9371 3.224 0.863 5931 4.545 1.02443 0.034234  58.41 0.9483  8.3    0.787 1
009388780-01 0.059 FP 1 0 0 0                      MOD_NONUNIQ_ALT---CENT_FEW_DIFFS 009388780-01  9388780 FP 0.059 1 0 0 0  74.26291126 137.15142790 null  7.1354  17  537.0  2.4887 1.033 0.439 3707 4.824 0.26865 0.021569 212.41 0.4188  7.3    0.452 1
009480140-01 0.068 FP 1 0 0 0                      MOD_NONUNIQ_ALT---CENT_FEW_DIFFS 009480140-01  9480140 FP 0.068 1 0 0 0 375.97512269 137.06967660 null  7.4565   3 1536.0  3.4066 2.702 0.639 4648 4.622 0.87124 0.038745 627.49 0.7246  7.2    0.225 1
009764459-01 0.055 FP 1 0 0 0                                      LPP_DV---LPP_ALT 009764459-01  9764459 FP 0.055 1 0 0 0  47.45267405 138.70549174 null  7.2935  26  154.9 20.5944 1.020 0.829 5569 4.566 0.24980 0.011272  17.52 0.1818  7.8    9.491 1
009851226-06 0.096 FP 1 0 0 0                                    INCONSISTENT_TRANS 009851226-06  9851226 FP 0.096 1 0 0 0 271.29845590 212.53687040 null 12.0140   4 1388.5  8.6093 7.036 0.991 5951 4.439 0.81605 0.065063  88.37 0.9998 12.4    1.657 1
009881523-01 0.073 FP 1 0 0 0                     INDIV_TRANS_SKYE---CENT_FEW_DIFFS 009881523-01  9881523 FP 0.073 1 0 0 0 118.47590746 156.09478238 null  7.3132  12  191.9  9.1174 1.353 0.874 5845 4.541 0.46714 0.014186  59.70 0.8167  7.0    3.661 1
009896456-03 0.079 PC 0 0 0 0                                        CENT_FEW_DIFFS 009896456-03  9896456 PC 0.079 0 0 0 0 342.45157420 446.81256170 null  8.0669   3  334.6 11.0220 1.740 0.876 5676 4.486 0.91024 0.018202 163.41 0.7503  8.3    0.861 1
009936959-01 0.091 FP 0 1 0 0                                      DEPTH_ODDEVEN_DV 009936959-01  9936959 FP 0.091 0 1 0 0  80.89708683 139.52824662 null 15.1043   8  551.6  8.6025 2.660 1.129 6047 4.343 0.36908 0.021594  71.11 0.2527 16.2   11.210 1
009947980-01 0.082 FP 1 0 0 0                         MOD_NONUNIQ_ALT---MOD_POS_ALT 009947980-01  9947980 FP 0.082 1 0 0 0 640.88331013 250.85420079 null  7.2192   3  375.6  7.1664 2.030 1.005 6198 4.464 1.48938 0.018511 570.83 0.5825  6.8    0.602 1
010091451-04 0.051 PC 0 0 0 0                                        CENT_FEW_DIFFS 010091451-04 10091451 PC 0.051 0 0 0 0 265.52259358 389.18923977 null  7.2602   3  843.4 10.0310 3.087 1.025 6191 4.454 0.83224 0.027601 174.88 0.5551  7.8    1.997 1
010290666-02 0.078 FP 1 0 0 0                    ALL_TRANS_CHASES---MOD_NONUNIQ_ALT 010290666-02 10290666 FP 0.078 1 0 0 0 327.53060133 182.89110341 null  7.5452   4  236.4  3.4458 1.742 1.135 5914 4.396 0.97993 0.014068 704.65 0.2944  8.0    1.470 1
010451172-01 0.080 FP 1 0 0 0                                  INDIV_TRANS_MARSHALL 010451172-01 10451172 FP 0.080 1 0 0 0 249.07951843 243.71130443 null  7.4874   6  390.5  7.1767 1.927 0.941 5893 4.483 0.77028 0.018765 223.93 0.5697  7.7    1.613 1
010525564-01 0.098 FP 1 0 0 0                      MOD_NONUNIQ_ALT---CENT_FEW_DIFFS 010525564-01 10525564 FP 0.098 1 0 0 0 373.60539145 303.43471344 null  7.3637   4  493.4  3.5313 2.157 0.947 5866 4.475 1.00741 0.020877 717.92 0.5032  7.5    0.937 1
010925104-01 0.066 FP 0 1 0 0                                           HAS_SEC_TCE 010925104-01 10925104 FP 0.066 0 1 0 0  11.77766830 139.54114613 null 58.7702 112  242.1  2.7586 0.828 0.540 3980 4.722 0.08356 0.014055  33.04 0.0477 18.4    9.389 1
011401313-01 0.086 FP 1 0 0 0                                       MOD_NONUNIQ_ALT 011401313-01 11401313 FP 0.086 1 0 0 0 495.58604399 177.58850514 null  7.1001   3  322.7  5.2282 2.088 1.045 6190 4.429 1.25368 0.018308 445.19 0.8118  7.3    0.914 1
011954842-01 0.075 FP 1 0 0 0                         MOD_NONUNIQ_ALT---MOD_TER_ALT 011954842-01 11954842 FP 0.075 1 0 0 0 413.35754008 205.24914706 null  8.1798   4  231.0  4.5568 1.947 1.025 5948 4.384 1.05940 0.017406 256.47 0.9477  7.6    1.050 1
